aa:bb:cc:dd:ee
      38      68
  -92.62  -90.54  -88.35  -85.97  -83.60  -82.09  -83.80  -83.36  -80.46  -81.61  -80.50  -80.02  -79.89  -82.10  -79.93  -77.97  -77.71  -79.43  -80.24  -80.24  -80.32  -80.36  -81.75  -80.28  -80.23  -80.34  -80.39  -81.05  -84.42  -83.44  -82.38  -82.46  -81.56  -80.20  -84.05  -84.72  -87.17  -88.09  -88.74  -89.17  -89.25  -87.10  -86.76  -85.51  -84.27  -86.68  -88.84  -92.24  -92.98  -95.50  -96.91  -97.00  -97.03  -97.32  -97.76  -98.40  -99.01  -99.48  -99.86 -100.00 -100.00 -100.00 -100.00 -100.00 -100.00 -100.00 -100.00 -100.00
  -91.32  -90.29  -89.28  -87.41  -85.12  -82.78  -81.40  -82.18  -79.98  -79.71  -80.90  -79.27  -79.12  -79.97  -79.26  -77.36  -77.10  -77.97  -79.64  -79.63  -79.73  -79.78  -81.16  -79.62  -79.66  -79.77  -79.82  -81.51  -83.69  -81.89  -81.68  -81.64  -79.61  -79.61  -83.41  -85.33  -87.17  -87.62  -88.34  -88.41  -86.30  -85.96  -84.25  -83.60  -86.57  -87.74  -88.55  -92.99  -95.64  -96.02  -96.07  -96.36  -96.85  -97.60  -98.23  -98.67  -99.04  -99.38  -99.60  -99.94  -99.98 -100.00 -100.00 -100.00 -100.00 -100.00 -100.00 -100.00
  -85.34  -87.12  -89.17  -87.89  -86.74  -84.27  -82.00  -79.25  -79.12  -79.02  -79.30  -79.32  -78.35  -78.44  -78.01  -76.75  -76.44  -76.65  -78.99  -79.03  -79.09  -79.17  -80.54  -78.94  -79.05  -79.18  -79.22  -81.97  -82.43  -81.09  -81.03  -79.91  -78.69  -79.02  -83.35  -86.05  -86.48  -87.25  -87.52  -85.43  -85.13  -83.43  -83.20  -86.31  -87.02  -87.57  -90.37  -94.92  -95.04  -95.36  -95.91  -96.68  -97.37  -97.82  -98.22  -98.60  -98.33  -97.19  -97.86  -99.70  -99.84  -99.96  -99.96  -99.99 -100.00 -100.00 -100.00 -100.00
  -81.17  -81.31  -85.11  -87.09  -86.60  -85.12  -83.42  -79.14  -76.34  -78.17  -78.00  -78.74  -77.73  -77.70  -75.90  -76.09  -75.72  -75.56  -77.93  -78.39  -78.42  -78.53  -79.88  -78.24  -78.41  -78.54  -78.78  -82.28  -80.72  -80.45  -80.13  -78.04  -78.16  -78.66  -84.35  -85.30  -85.74  -86.56  -84.55  -84.01  -81.99  -83.10  -85.65  -86.24  -87.32  -89.75  -90.92  -94.31  -95.00  -95.73  -96.34  -96.91  -97.36  -97.78  -97.54  -96.42  -95.87  -96.13  -97.67  -99.32  -99.35  -99.38  -99.56  -99.88 -100.00  -99.99  -99.99 -100.00
  -81.82  -78.72  -79.57  -82.61  -84.94  -84.64  -84.40  -81.08  -75.79  -75.57  -77.38  -77.02  -77.38  -76.82  -74.33  -74.76  -74.86  -74.70  -76.50  -77.72  -77.75  -77.84  -79.15  -77.50  -77.73  -77.88  -78.78  -81.57  -79.15  -79.70  -78.04  -77.08  -77.59  -79.77  -84.27  -84.20  -84.78  -83.64  -83.07  -80.99  -82.71  -84.91  -85.40  -87.15  -89.06  -89.79  -91.09  -94.83  -95.30  -95.73  -96.41  -96.89  -96.70  -95.60  -95.08  -95.38  -95.66  -95.87  -97.38  -98.68  -98.35  -98.43  -99.30  -99.54  -99.79  -99.80  -98.90  -97.26
  -85.00  -81.40  -78.52  -78.00  -79.59  -82.24  -83.51  -82.46  -77.54  -74.70  -74.84  -76.42  -75.42  -76.36  -73.20  -72.54  -73.70  -73.65  -75.08  -77.05  -77.08  -77.10  -78.34  -76.75  -77.01  -77.19  -79.30  -79.96  -77.70  -78.59  -76.02  -76.23  -78.08  -80.48  -83.27  -82.34  -82.21  -81.70  -80.07  -81.73  -83.90  -84.62  -86.88  -88.57  -89.53  -90.40  -91.43  -94.74  -94.97  -95.86  -95.75  -94.69  -94.20  -94.58  -94.96  -95.23  -95.31  -95.35  -97.03  -97.14  -96.33  -98.70  -98.86  -97.72  -96.25  -93.94  -93.50  -96.45
  -90.22  -85.63  -81.81  -78.74  -76.10  -75.83  -80.75  -80.89  -78.14  -76.60  -72.72  -74.52  -72.69  -75.29  -72.04  -70.30  -71.19  -72.08  -73.66  -76.31  -76.39  -76.31  -77.44  -75.93  -76.26  -76.49  -79.60  -78.07  -75.09  -76.47  -74.02  -75.85  -79.12  -79.99  -81.64  -78.01  -80.73  -78.85  -80.40  -81.66  -84.23  -87.03  -88.33  -89.16  -89.80  -90.40  -91.39  -93.85  -94.58  -93.66  -93.21  -93.64  -94.10  -94.56  -94.97  -94.97  -94.40  -93.90  -96.52  -92.83  -94.34  -95.60  -92.18  -92.28  -94.26  -92.41  -92.63  -94.47
  -89.54  -90.85  -87.75  -82.20  -78.37  -72.39  -74.84  -76.26  -76.82  -78.72  -73.21  -72.71  -69.88  -71.72  -70.03  -69.40  -67.85  -71.18  -72.58  -74.75  -75.21  -75.02  -75.48  -74.65  -75.03  -75.79  -79.10  -76.94  -72.49  -74.34  -72.65  -75.78  -78.67  -79.48  -78.00  -75.12  -78.15  -80.87  -79.63  -83.24  -86.41  -87.28  -87.95  -88.58  -89.19  -89.79  -90.62  -89.26  -91.01  -91.83  -92.44  -92.97  -93.48  -93.96  -94.12  -93.76  -94.44  -92.25  -92.97  -87.18  -91.00  -94.09  -91.33  -92.10  -91.79  -87.61  -89.98  -92.94
  -88.96  -87.75  -86.83  -85.60  -80.72  -75.87  -74.23  -74.53  -75.75  -76.04  -75.75  -75.04  -71.87  -70.81  -70.49  -69.95  -69.44  -69.23  -69.00  -70.35  -71.56  -71.32  -70.76  -70.93  -71.35  -73.25  -74.70  -73.50  -73.72  -73.90  -74.25  -74.72  -75.39  -75.84  -76.17  -77.88  -80.32  -80.99  -81.51  -82.07  -82.69  -83.31  -83.91  -84.50  -85.09  -85.65  -86.20  -86.64  -87.21  -87.75  -88.25  -88.73  -89.20  -89.65  -89.96  -88.96  -89.46  -89.72  -90.18  -89.44  -89.28  -88.98  -88.81  -88.95  -89.29  -89.61  -89.91  -90.21
  -88.41  -88.45  -87.72  -86.22  -84.82  -82.28  -77.30  -73.79  -72.30  -73.70  -75.28  -74.78  -73.63  -70.56  -69.80  -69.26  -68.58  -68.17  -68.07  -68.46  -70.59  -70.11  -69.69  -69.87  -70.37  -73.45  -72.71  -72.57  -72.73  -73.07  -73.53  -74.21  -74.78  -75.22  -77.42  -79.51  -80.16  -80.74  -81.31  -81.85  -82.47  -83.11  -83.73  -84.33  -84.93  -85.51  -86.07  -86.61  -87.13  -87.65  -88.16  -88.02  -87.02  -86.07  -86.37  -86.97  -88.18  -88.01  -87.47  -87.39  -87.70  -88.09  -88.44  -88.79  -89.12  -89.45  -89.77  -90.08
  -88.34  -87.66  -87.17  -87.16  -85.95  -81.00  -83.34  -76.17  -72.53  -69.52  -72.98  -74.29  -73.68  -72.25  -69.23  -68.46  -67.71  -67.09  -66.91  -66.90  -69.29  -68.78  -68.48  -68.70  -69.45  -72.98  -71.28  -71.48  -71.77  -72.26  -72.81  -73.51  -74.24  -76.75  -78.64  -79.28  -79.90  -80.51  -81.10  -81.67  -82.25  -82.91  -83.56  -84.18  -84.80  -85.40  -85.98  -86.54  -86.45  -85.49  -84.59  -84.14  -84.52  -84.96  -85.20  -83.95  -85.49  -86.27  -86.78  -87.27  -87.66  -88.02  -88.37  -88.71  -89.05  -89.38  -90.15  -91.40
  -85.55  -83.63  -83.03  -82.40  -82.01  -82.54  -83.60  -83.59  -79.14  -72.97  -71.18  -71.21  -72.15  -72.06  -70.43  -67.67  -66.81  -65.92  -65.61  -65.48  -67.51  -67.11  -67.13  -67.41  -68.88  -71.20  -69.95  -70.30  -70.81  -71.22  -71.96  -73.10  -76.15  -77.59  -78.31  -79.00  -79.67  -80.31  -80.92  -81.52  -82.09  -82.73  -83.41  -84.05  -84.69  -84.67  -83.79  -82.95  -82.56  -82.98  -83.47  -83.94  -84.39  -84.83  -85.25  -85.13  -85.39  -86.10  -86.68  -87.11  -87.52  -88.56  -89.80  -91.51  -93.55  -95.45  -96.81  -97.67
  -84.73  -82.82  -82.20  -81.56  -81.01  -80.50  -80.05  -80.76  -80.92  -77.97  -72.81  -70.11  -68.96  -69.24  -69.78  -67.55  -66.03  -64.05  -64.51  -63.76  -65.07  -64.49  -65.71  -65.95  -68.56  -68.65  -68.44  -68.92  -69.42  -70.25  -71.98  -75.30  -76.42  -77.24  -78.01  -78.76  -79.46  -80.14  -80.78  -81.40  -81.99  -82.61  -82.66  -81.85  -81.08  -80.77  -81.26  -81.80  -82.33  -82.84  -83.33  -83.81  -84.27  -84.72  -84.90  -84.20  -86.41  -88.08  -89.88  -91.82  -93.85  -95.07  -95.75  -96.16  -96.54  -96.91  -97.27  -97.63
  -84.50  -82.58  -81.95  -81.31  -80.78  -80.25  -79.69  -79.11  -77.35  -75.92  -74.30  -71.32  -70.58  -64.23  -68.09  -64.03  -67.08  -60.93  -63.61  -62.82  -61.29  -61.71  -64.66  -64.61  -64.82  -64.97  -66.31  -67.43  -68.38  -70.80  -73.90  -75.12  -76.06  -76.94  -77.77  -78.56  -79.31  -80.02  -80.69  -80.70  -79.83  -78.99  -78.73  -79.30  -79.92  -80.52  -81.10  -81.65  -82.19  -82.71  -83.21  -84.24  -85.56  -86.96  -88.46  -87.29  -91.93  -93.75  -94.51  -94.96  -95.37  -95.77  -96.18  -96.57  -96.93  -97.29  -97.64  -97.98
  -84.31  -82.38  -81.73  -81.10  -80.57  -80.01  -79.43  -78.81  -76.96  -74.28  -73.61  -73.31  -71.25  -67.98  -66.84  -66.26  -65.25  -63.88  -62.63  -61.61  -60.80  -60.55  -60.33  -61.06  -59.03  -63.01  -64.99  -66.30  -69.15  -71.94  -73.65  -74.76  -75.77  -76.72  -77.60  -78.43  -78.58  -77.84  -77.10  -76.79  -77.29  -77.84  -78.46  -79.12  -79.76  -80.45  -81.58  -83.23  -84.72  -85.88  -87.50  -88.56  -89.14  -89.62  -91.19  -91.62  -91.81  -92.80  -93.78  -94.58  -95.27  -95.80  -96.28  -96.68  -97.04  -97.40  -97.74  -98.08
  -84.15  -82.21  -81.54  -80.94  -80.39  -79.81  -79.20  -78.56  -76.69  -73.98  -73.21  -72.38  -70.29  -67.31  -66.26  -65.13  -63.92  -62.63  -61.29  -59.95  -58.73  -57.85  -57.52  -58.41  -62.08  -62.61  -63.87  -66.86  -69.85  -71.32  -73.34  -74.51  -75.59  -75.96  -75.40  -74.82  -74.66  -75.28  -75.93  -76.55  -77.37  -78.48  -80.18  -81.63  -83.23  -84.73  -85.90  -86.50  -87.09  -87.65  -88.18  -88.70  -89.21  -89.69  -91.33  -93.45  -93.44  -93.81  -94.29  -94.77  -95.23  -95.67  -96.10  -96.53  -96.97  -97.38  -97.76  -98.12
  -84.02  -82.08  -81.40  -80.81  -80.24  -79.65  -79.02  -78.35  -76.46  -73.74  -72.93  -72.05  -69.92  -66.90  -65.77  -64.52  -63.14  -61.62  -59.95  -58.16  -56.40  -54.97  -54.40  -55.50  -60.15  -61.24  -63.45  -67.37  -68.46  -70.59  -72.53  -72.27  -71.95  -72.00  -72.81  -74.02  -75.17  -76.99  -78.77  -80.37  -81.70  -82.70  -83.32  -84.02  -84.71  -85.36  -86.00  -86.60  -87.18  -87.74  -88.27  -88.79  -89.28  -89.76  -91.39  -93.73  -93.96  -94.26  -94.63  -95.02  -95.42  -95.81  -96.19  -96.56  -96.92  -97.28  -97.62  -97.98
  -83.92  -81.98  -81.30  -80.72  -80.14  -79.53  -78.89  -78.20  -76.30  -73.57  -72.72  -71.81  -69.64  -66.59  -65.38  -64.03  -62.50  -60.75  -58.74  -56.40  -53.76  -51.21  -50.00  -51.69  -58.06  -60.60  -60.31  -67.17  -64.03  -66.48  -68.89  -70.73  -72.78  -74.89  -76.93  -78.37  -79.43  -80.21  -80.93  -81.61  -82.24  -82.84  -83.44  -84.12  -84.79  -85.44  -86.05  -86.64  -87.21  -87.75  -88.28  -88.78  -89.27  -89.74  -91.37  -93.74  -94.09  -94.43  -94.78  -95.15  -95.52  -95.58  -95.90  -96.26  -96.62  -96.96  -97.31  -97.37
  -83.86  -81.92  -81.24  -80.66  -80.08  -79.46  -78.80  -78.11  -76.20  -73.46  -72.60  -71.66  -69.47  -66.40  -65.14  -63.71  -62.08  -60.16  -57.85  -54.97  -51.21  -46.22  -42.52  -46.77  -55.82  -59.39  -61.13  -63.32  -64.75  -67.82  -69.94  -71.47  -72.62  -73.67  -74.63  -75.50  -76.31  -77.06  -77.76  -78.42  -79.04  -79.62  -80.20  -80.89  -81.56  -82.20  -82.82  -83.41  -83.97  -84.52  -85.04  -85.55  -86.04  -86.51  -87.31  -87.80  -88.23  -88.63  -89.03  -89.41  -89.79  -89.85  -90.17  -90.53  -90.88  -91.22  -91.56  -91.89
  -83.84  -81.90  -81.22  -80.64  -80.06  -79.44  -78.78  -78.08  -76.17  -73.42  -72.55  -71.61  -69.41  -66.33  -65.05  -63.60  -61.93  -59.95  -57.53  -54.40  -50.00  -42.52  -30.48  -42.91  -53.12  -57.51  -60.62  -63.02  -64.99  -66.65  -68.11  -69.41  -70.56  -71.59  -72.54  -73.41  -74.21  -74.96  -75.67  -76.33  -76.95  -77.54  -78.12  -78.80  -79.47  -80.12  -80.73  -81.32  -81.89  -82.44  -82.96  -83.47  -83.96  -84.44  -84.90  -85.34  -85.77  -86.19  -86.59  -86.97  -87.35  -87.72  -88.09  -88.44  -88.79  -89.14  -89.47  -89.80
  -83.86  -81.92  -81.24  -80.66  -80.08  -79.46  -78.80  -78.11  -76.20  -73.46  -72.60  -71.66  -69.47  -66.40  -65.14  -63.71  -62.08  -60.16  -57.85  -54.97  -51.21  -46.22  -42.52  -46.65  -54.50  -58.16  -61.00  -63.28  -65.17  -66.79  -68.20  -69.46  -70.62  -71.64  -72.58  -73.44  -74.24  -74.99  -75.69  -76.34  -76.96  -77.55  -78.13  -78.82  -79.49  -80.13  -80.74  -81.33  -81.90  -82.45  -82.97  -83.48  -83.97  -84.44  -84.90  -85.35  -85.78  -86.20  -86.59  -86.96  -87.33  -87.70  -88.07  -88.43  -88.79  -89.13  -89.47  -89.80
  -83.92  -81.98  -81.30  -80.72  -80.14  -79.53  -78.89  -78.20  -76.30  -73.57  -72.72  -71.81  -69.64  -66.59  -65.38  -64.03  -62.50  -60.75  -58.74  -56.40  -53.76  -51.21  -50.00  -51.69  -57.41  -59.79  -62.01  -63.97  -65.66  -67.16  -68.49  -69.68  -70.77  -71.79  -72.71  -73.55  -74.34  -75.07  -75.76  -76.41  -77.02  -77.60  -78.18  -78.87  -79.53  -80.17  -80.78  -81.37  -81.93  -82.48  -83.00  -83.51  -83.99  -84.47  -84.92  -85.37  -85.80  -86.21  -86.55  -86.89  -87.28  -87.67  -88.05  -88.42  -88.80  -89.16  -89.51  -89.84
  -84.02  -82.08  -81.40  -80.81  -80.25  -79.65  -79.02  -78.35  -76.47  -73.75  -72.93  -72.05  -69.92  -66.90  -65.77  -64.52  -63.14  -61.62  -59.95  -58.17  -56.40  -54.97  -54.40  -55.51  -60.40  -61.80  -63.40  -64.95  -66.40  -67.72  -68.94  -70.04  -71.06  -72.01  -72.90  -73.73  -74.49  -75.20  -75.88  -76.51  -77.11  -77.68  -78.27  -78.95  -79.61  -80.25  -80.85  -81.43  -81.99  -82.53  -83.05  -83.55  -84.04  -84.51  -84.96  -85.40  -85.83  -86.18  -86.13  -86.61  -87.18  -87.69  -88.13  -88.51  -88.86  -89.20  -89.53  -89.86
  -86.09  -84.15  -83.46  -82.85  -82.28  -81.68  -81.04  -80.23  -78.24  -75.75  -74.94  -74.03  -71.70  -68.93  -67.84  -66.66  -65.39  -64.04  -62.63  -61.22  -59.96  -59.03  -58.69  -59.53  -64.18  -65.08  -65.00  -66.12  -67.08  -68.87  -71.03  -72.13  -73.12  -74.03  -74.89  -75.71  -76.92  -76.81  -76.22  -76.73  -76.94  -78.24  -80.08  -81.01  -81.68  -82.31  -82.92  -83.85  -84.46  -83.82  -83.70  -83.79  -85.46  -86.52  -87.46  -86.89  -86.56  -85.59  -87.19  -88.57  -89.46  -89.93  -89.77  -89.25  -89.51  -90.47  -90.97  -91.38
  -89.38  -87.42  -86.72  -86.06  -85.22  -83.76  -82.22  -80.59  -79.61  -78.69  -76.61  -74.57  -72.97  -71.97  -70.90  -69.76  -68.57  -67.35  -66.12  -64.96  -63.97  -63.29  -63.05  -63.29  -67.08  -68.22  -63.95  -68.99  -66.81  -65.71  -72.28  -75.12  -76.16  -77.08  -77.96  -78.75  -80.89  -78.12  -75.87  -81.46  -77.80  -76.02  -79.50  -80.68  -82.28  -84.18  -85.67  -87.99  -88.87  -89.66  -90.83  -90.26  -89.23  -90.07  -91.26  -91.57  -91.38  -91.36  -90.66  -93.59  -94.98  -93.70  -94.32  -93.02  -93.57  -92.93  -93.64  -93.30
  -89.41  -87.01  -85.29  -83.81  -82.47  -81.72  -81.08  -79.96  -77.90  -75.99  -74.95  -74.12  -73.24  -72.32  -71.35  -70.35  -69.32  -68.30  -67.31  -66.41  -65.68  -65.20  -65.02  -65.17  -67.20  -69.80  -68.60  -70.91  -70.62  -68.83  -70.64  -72.45  -75.54  -77.32  -78.12  -78.83  -80.97  -81.02  -80.10  -83.21  -82.77  -81.78  -84.82  -83.92  -82.61  -82.02  -81.68  -83.75  -86.39  -89.07  -90.79  -92.01  -92.58  -94.21  -96.61  -96.71  -96.82  -97.63  -96.35  -95.07  -95.53  -96.48  -96.65  -96.69  -97.59  -96.99  -97.81  -96.69
  -86.71  -84.41  -83.69  -82.99  -82.33  -80.89  -78.96  -77.35  -76.62  -75.91  -75.17  -74.39  -73.58  -72.74  -71.88  -71.00  -70.12  -69.26  -68.45  -67.74  -67.18  -66.81  -66.68  -66.77  -67.40  -71.29  -71.10  -71.94  -73.23  -72.27  -71.36  -72.34  -73.05  -75.39  -78.03  -79.05  -81.44  -82.47  -82.33  -83.36  -84.34  -84.29  -86.23  -87.38  -87.39  -87.24  -86.66  -86.85  -87.30  -87.18  -86.83  -87.62  -88.96  -91.86  -95.54  -96.68  -97.49  -99.16  -99.93  -99.67  -99.69  -99.77  -99.98  -99.61  -99.26  -98.34  -98.09  -97.81
  -86.41  -84.46  -83.66  -81.72  -79.90  -78.67  -78.07  -77.45  -76.81  -76.13  -75.44  -74.72  -73.97  -73.22  -72.44  -71.67  -70.92  -70.19  -69.53  -68.96  -68.51  -68.23  -68.11  -68.18  -68.41  -71.74  -72.78  -73.13  -74.34  -74.72  -74.12  -73.02  -73.62  -74.21  -75.20  -78.13  -81.81  -83.19  -83.37  -83.93  -84.90  -85.33  -86.30  -87.58  -88.17  -88.77  -89.35  -90.58  -91.86  -91.98  -91.47  -90.41  -89.65  -90.05  -91.75  -92.32  -93.60  -96.60  -98.76  -99.63 -100.00 -100.00 -100.00 -100.00 -100.00 -100.00 -100.00 -100.00
  -85.66  -82.78  -80.98  -80.06  -79.39  -78.80  -78.23  -77.64  -77.03  -76.40  -75.75  -75.08  -74.41  -73.72  -73.03  -72.36  -71.70  -71.09  -70.54  -70.07  -69.71  -69.48  -69.38  -69.43  -69.62  -71.23  -74.16  -74.39  -75.24  -75.73  -76.30  -75.60  -74.29  -74.77  -75.30  -75.88  -79.55  -83.28  -83.99  -84.52  -85.14  -85.92  -86.63  -87.67  -88.38  -88.92  -89.44  -91.06  -93.41  -94.27  -94.65  -94.41  -93.80  -94.61  -96.00  -95.12  -94.30  -95.32  -96.50  -96.83  -97.43  -98.28  -99.06  -99.56  -99.92 -100.00 -100.00 -100.00
  -83.47  -81.52  -80.90  -80.25  -79.59  -78.97  -78.42  -77.86  -77.28  -76.69  -76.09  -75.48  -74.86  -74.25  -73.63  -73.04  -72.47  -71.95  -71.48  -71.09  -70.79  -70.60  -70.52  -70.56  -70.71  -71.16  -75.01  -75.54  -76.03  -76.63  -77.11  -77.58  -76.97  -75.38  -75.80  -76.28  -78.85  -80.76  -82.89  -84.91  -85.50  -86.26  -86.99  -87.74  -88.55  -89.11  -89.63  -91.26  -93.71  -94.35  -94.83  -95.33  -95.83  -97.43  -99.20  -98.50  -98.12  -99.06  -99.27  -98.57  -97.86  -97.68  -97.86  -98.17  -98.59  -99.04  -99.52  -99.83
  -83.64  -81.69  -81.09  -80.48  -79.84  -79.20  -78.63  -78.10  -77.56  -77.02  -76.46  -75.90  -75.33  -74.78  -74.23  -73.71  -73.21  -72.76  -72.36  -72.03  -71.78  -71.62  -71.55  -71.58  -71.71  -71.92  -74.76  -76.57  -76.80  -77.45  -77.87  -78.27  -78.81  -78.08  -76.37  -76.75  -79.32  -80.95  -81.30  -82.62  -85.22  -86.50  -87.32  -87.90  -88.71  -89.28  -89.79  -91.49  -93.99  -94.49  -94.96  -95.42  -95.87  -97.53  -99.93 -100.00 -100.00  -99.93 -100.00 -100.00 -100.00  -99.82  -99.44  -99.12  -98.86  -98.97  -99.25  -99.53
  -83.83  -81.89  -81.31  -80.72  -80.12  -79.50  -78.89  -78.37  -77.87  -77.36  -76.84  -76.32  -75.81  -75.31  -74.82  -74.35  -73.92  -73.53  -73.18  -72.90  -72.69  -72.55  -72.49  -72.52  -72.63  -72.81  -74.20  -77.51  -77.63  -78.15  -78.59  -78.93  -79.32  -79.95  -79.02  -77.28  -79.79  -81.42  -81.77  -82.25  -82.80  -84.97  -87.45  -88.18  -88.83  -89.46  -89.98  -91.70  -94.23  -94.69  -95.11  -95.55  -95.99  -97.62  -99.96 -100.00 -100.00 -100.00 -100.00 -100.00 -100.00 -100.00 -100.00 -100.00 -100.00  -99.90  -99.77  -99.79
  -84.05  -82.11  -81.56  -80.99  -80.42  -79.83  -79.23  -78.67  -78.18  -77.71  -77.23  -76.76  -76.29  -75.84  -75.40  -74.98  -74.60  -74.25  -73.95  -73.71  -73.53  -73.41  -73.36  -73.38  -73.47  -73.63  -74.02  -77.90  -78.47  -78.81  -79.28  -79.58  -79.91  -80.35  -80.90  -79.89  -80.33  -81.90  -82.30  -82.77  -83.22  -83.66  -84.82  -87.43  -89.05  -89.66  -90.17  -91.91  -94.42  -94.87  -95.32  -95.72  -96.12  -97.74 -100.00 -100.00 -100.00 -100.00 -100.00 -100.00 -100.00 -100.00 -100.00 -100.00 -100.00 -100.00 -100.00 -100.00
  -84.28  -82.35  -81.82  -81.28  -80.73  -80.18  -79.61  -79.05  -78.52  -78.07  -77.63  -77.19  -76.77  -76.36  -75.96  -75.59  -75.25  -74.94  -74.68  -74.47  -74.31  -74.21  -74.16  -74.18  -74.26  -74.40  -74.56  -77.11  -79.25  -79.42  -79.95  -80.20  -80.49  -80.81  -81.32  -81.73  -82.94  -82.51  -82.85  -83.28  -83.71  -84.12  -84.56  -85.10  -86.96  -89.53  -90.42  -92.10  -94.63  -95.07  -95.49  -95.91  -96.31  -97.88 -100.00 -100.00 -100.00 -100.00 -100.00 -100.00 -100.00 -100.00 -100.00 -100.00 -100.00 -100.00 -100.00 -100.00
  -84.53  -82.60  -82.09  -81.58  -81.06  -80.53  -80.00  -79.47  -78.94  -78.45  -78.03  -77.63  -77.24  -76.86  -76.51  -76.17  -75.87  -75.60  -75.37  -75.18  -75.04  -74.95  -74.91  -74.93  -75.00  -75.12  -75.26  -76.45  -79.99  -80.06  -80.54  -80.80  -81.05  -81.33  -81.70  -82.18  -84.86  -85.19  -83.46  -83.80  -84.20  -84.58  -84.99  -85.41  -85.86  -86.59  -89.24  -92.36  -94.88  -95.27  -95.69  -96.09  -96.49  -98.00 -100.00 -100.00 -100.00 -100.00 -100.00 -100.00 -100.00 -100.00 -100.00 -100.00 -100.00 -100.00 -100.00 -100.00
  -84.80  -82.87  -82.38  -81.89  -81.40  -80.90  -80.40  -79.90  -79.41  -78.91  -78.45  -78.06  -77.70  -77.36  -77.04  -76.74  -76.46  -76.22  -76.02  -75.85  -75.72  -75.65  -75.61  -75.63  -75.69  -75.79  -75.92  -76.20  -80.06  -80.72  -81.05  -81.38  -81.60  -81.85  -82.15  -82.67  -85.42  -87.13  -86.09  -84.38  -84.69  -85.05  -85.43  -85.80  -86.22  -86.62  -87.04  -89.63  -94.51  -95.58  -95.93  -96.29  -96.67  -98.11 -100.00 -100.00 -100.00 -100.00 -100.00 -100.00 -100.00 -100.00 -100.00 -100.00 -100.00 -100.00 -100.00 -100.00
  -85.07  -83.15  -82.68  -82.22  -81.75  -81.28  -80.81  -80.34  -79.88  -79.42  -78.97  -78.54  -78.16  -77.84  -77.55  -77.28  -77.03  -76.81  -76.63  -76.48  -76.37  -76.30  -76.27  -76.28  -76.34  -76.43  -76.54  -76.73  -79.25  -81.36  -81.57  -81.94  -82.14  -82.40  -82.73  -83.15  -85.98  -87.67  -87.99  -86.99  -85.23  -85.51  -85.87  -86.22  -86.58  -86.98  -87.36  -89.02  -91.67  -93.96  -96.02  -96.57  -96.91  -98.23 -100.00 -100.00 -100.00 -100.00 -100.00 -100.00 -100.00 -100.00 -100.00 -100.00 -100.00 -100.00 -100.00 -100.00
  -87.02  -85.07  -84.61  -84.14  -83.68  -83.21  -82.74  -82.28  -81.82  -81.37  -80.92  -80.50  -80.08  -79.71  -79.41  -79.15  -78.91  -78.70  -78.52  -78.38  -78.27  -78.20  -78.17  -78.19  -78.24  -78.33  -78.42  -78.62  -79.58  -83.28  -83.44  -83.85  -84.11  -84.41  -84.74  -85.09  -87.97  -89.69  -89.98  -90.37  -88.70  -87.53  -87.89  -88.24  -88.60  -88.99  -89.38  -91.06  -93.54  -93.87  -95.32  -97.90  -98.26  -99.02 -100.00 -100.00 -100.00 -100.00 -100.00 -100.00 -100.00 -100.00 -100.00 -100.00 -100.00 -100.00 -100.00 -100.00
